0 -564 -762 510 238 768 238 1844 -762 -564 894 510 416 768 416 1844 894 1.0817 1.0080 -0.5749 1.0817 1.0080 -5.3667 -1.0817 1.0080 -5.3667 -1.0817 1.0080 -0.5749 1.0817 -0.4797 -0.5749 1.0817 -0.4797 -5.3667 -1.0817 -0.4797 -5.3667 -1.0817 -0.4797 -0.5749 
0 476 366 532 366 552 366 496 366 476 334 532 336 552 336 496 334 -21.6720 0.9102 84.5886 -15.6007 0.9030 92.8751 -12.4191 0.9060 90.5440 -18.4904 0.9132 82.2575 -21.6712 -3.3426 84.5843 -15.5998 -3.3498 92.8708 -12.4183 -3.3469 90.5398 -18.4896 -3.3397 82.2532 
0 -268 354 -290 354 -278 354 -256 354 -268 360 -290 360 -278 360 -256 360 222.5440 1.2073 -156.7438 227.5024 1.2037 -156.3469 227.6650 1.2057 -158.3788 222.7067 1.2094 -158.7757 222.5430 -0.3348 -156.7455 227.5014 -0.3385 -156.3485 227.6640 -0.3364 -158.3804 222.7057 -0.3328 -158.7774 
0 -3298 -868 312 264 538 266 -202 -652 -3274 1696 312 460 538 460 -210 1502 3.2030 0.9987 -0.5203 3.4638 1.0182 -6.7884 1.0763 1.0007 -6.8878 0.8155 0.9812 -0.6197 3.2186 -1.0994 -0.5262 3.4794 -1.0799 -6.7943 1.0920 -1.0974 -6.8937 0.8312 -1.1169 -0.6256 
0 290 356 288 356 286 356 288 356 290 360 288 360 286 360 288 360 121.1939 1.2492 -222.4371 120.8897 1.2491 -220.6190 121.5397 1.2495 -220.5102 121.8439 1.2497 -222.3284 121.1951 -0.5266 -222.4371 120.8909 -0.5267 -220.6189 121.5409 -0.5263 -220.5102 121.8451 -0.5262 -222.3283 
0 -2 356 -16 356 -22 356 -8 356 -2 360 -16 360 -22 360 -8 360 210.5792 1.2651 -209.8015 210.0996 1.2599 -204.7977 212.2413 1.2601 -204.5924 212.7210 1.2653 -209.5962 210.5796 -0.3856 -209.8032 210.0999 -0.3907 -204.7993 212.2416 -0.3905 -204.5940 212.7213 -0.3854 -209.5979 
0 598 368 590 368 568 368 580 368 598 354 590 352 568 352 580 354 -4.1922 0.9322 66.8006 -4.8027 0.9546 61.8640 -6.8256 0.9498 62.1142 -6.2152 0.9274 67.0508 -4.1894 -0.6099 66.7933 -4.7999 -0.5875 61.8567 -6.8229 -0.5923 62.1068 -6.2124 -0.6147 67.0434 
0 -40 352 -28 352 -22 352 -34 352 -40 362 -28 360 -22 360 -34 362 118.5915 1.1754 -111.5026 118.7905 1.1800 -113.6843 117.9282 1.1799 -113.7630 117.7291 1.1753 -111.5813 118.5919 -0.3550 -111.5058 118.7910 -0.3504 -113.6875 117.9286 -0.3505 -113.7662 117.7296 -0.3551 -111.5845 
0 -138 354 -154 354 -162 354 -146 354 -138 360 -154 360 -162 360 -146 360 203.1392 1.1990 -166.9671 202.7857 1.2063 -163.2786 204.5662 1.2066 -163.1080 204.9197 1.1993 -166.7965 203.1391 -0.3500 -166.9640 202.7856 -0.3427 -163.2756 204.5662 -0.3425 -163.1049 204.9196 -0.3498 -166.7934 
0 -1736 336 -1598 338 -1586 338 -1722 336 -1736 374 -1598 374 -1584 374 -1722 374 111.2292 1.0496 -29.9379 111.2332 1.0597 -31.7813 110.5742 1.0596 -31.7827 110.5702 1.0495 -29.9393 111.2296 -0.7262 -29.9476 111.2336 -0.7161 -31.7910 110.5745 -0.7162 -31.7925 110.5705 -0.7263 -29.9490 
0 -10838 268 -12024 264 -9242 284 -8424 288 -10834 490 -12018 498 -9238 466 -8420 462 132.9340 1.0442 -7.4115 138.8359 1.0414 -7.0162 138.9688 1.0434 -9.0001 133.0669 1.0462 -9.3955 132.9329 -1.5165 -7.4142 138.8349 -1.5193 -7.0189 138.9678 -1.5173 -9.0028 133.0658 -1.5144 -9.3982 
0 -1384 352 -1300 352 -1286 352 -1368 352 -1384 362 -1300 362 -1286 362 -1368 362 297.7013 1.1564 -94.0650 298.0862 1.1476 -98.2401 296.2777 1.1474 -98.4068 295.8928 1.1562 -94.2317 297.7012 -0.3174 -94.0619 298.0861 -0.3263 -98.2370 296.2776 -0.3264 -98.4037 295.8926 -0.3176 -94.2286 
0 14 352 4 352 -4 352 6 352 14 360 4 360 -4 360 6 360 110.5471 1.1274 -113.3018 110.3455 1.1486 -111.1039 111.8202 1.1483 -110.9686 112.0219 1.1271 -113.1665 110.5457 -0.2486 -113.2887 110.3441 -0.2274 -111.0907 111.8188 -0.2276 -110.9554 112.0204 -0.2488 -113.1534 
0 -2348 322 -2244 324 -2364 322 -2472 322 -2348 378 -2244 378 -2364 380 -2472 380 87.8396 1.0650 -18.8083 85.4946 1.0578 -18.9640 85.4438 1.0570 -18.1995 87.7888 1.0642 -18.0438 87.8448 -0.5845 -18.8097 85.4997 -0.5917 -18.9654 85.4490 -0.5925 -18.2008 87.7940 -0.5853 -18.0451 
0 -20158 278 -18826 282 -24626 258 -26770 252 -20154 396 -18822 394 -24620 404 -26764 406 268.5787 1.0576 -8.2647 264.0846 1.0569 -8.6825 263.8988 1.0549 -6.6843 268.3930 1.0556 -6.2665 268.5791 -0.4672 -8.2662 264.0850 -0.4679 -8.6841 263.8992 -0.4700 -6.6859 268.3933 -0.4693 -6.2680 
0 -1804 330 -1520 332 -1812 328 -2144 326 -1804 436 -1520 434 -1812 444 -2144 446 89.0599 1.0408 -23.3056 80.6105 1.0393 -23.8666 80.4189 1.0363 -20.9819 88.8683 1.0378 -20.4208 89.0608 -2.7866 -23.3094 80.6114 -2.7881 -23.8705 80.4198 -2.7911 -20.9857 88.8693 -2.7896 -20.4247 
0 -1552 352 -1616 352 -1648 352 -1584 352 -1552 362 -1616 362 -1648 362 -1584 362 347.2905 1.1102 -101.3174 345.4507 1.1074 -97.9858 347.1755 1.1073 -97.0334 349.0153 1.1101 -100.3650 347.2910 -0.3648 -101.3184 345.4512 -0.3677 -97.9868 347.1760 -0.3677 -97.0344 349.0158 -0.3649 -100.3660 
